0000 02 04 01 03 00 08 01 00 11 00 13 00 00 00 00 00 
0001 FF FF FF FF FF 00 00 00 00 00 00 00 00 00 00 00 
0011 00 72 6F 6F 74 00 CC CC FB AA 14 00 12 00 00 00 
0012 1F 00 00 00 00 00 00 00 00 00 00 00 00 00 00 00 
001F 01 54 65 73 74 31 31 00 02 C8 23 00 20 00 70 00 
0020 21 00 22 00 23 00 24 00 25 00 26 00 27 00 00 00 
0021 2A 00 00 00 00 00 00 00 00 00 00 00 00 00 00 00 
0022 2A 01 01 01 01 01 01 01 01 01 01 01 01 01 01 01 
0023 2A 02 02 02 02 02 02 02 02 02 02 02 02 02 02 02 
0024 2A 03 03 03 03 03 03 03 03 03 03 03 03 03 03 03 
0025 2A 04 04 04 04 04 04 04 04 04 04 04 04 04 04 04 
0026 2A 05 05 05 05 05 05 05 05 05 05 05 05 05 05 05 
0027 2A 06 06 06 06 06 06 06 06 06 06 06 06 06 06 06 
